546651.1014492754,4054679.5
546676.0869565217,4054679.5
546651.1014492754,4054704.696969697
546676.0869565217,4054704.696969697
