546476.2028985508,4054452.727272727
546501.1884057971,4054452.727272727
546476.2028985508,4054477.9242424243
546501.1884057971,4054477.9242424243
